4294967293,131
4294967293,130
4294967293,129
4294967293,128
4294967293,127
4294967293,126
4294967293,125
4294967293,124
4294967293,123
4294967293,122
4294967293,121
4294967293,120
4294967293,119
4294967293,118
4294967293,117
4294967293,116
4294967293,115
4294967293,114
4294967293,113
4294967293,112
4294967293,111
4294967293,110
4294967293,109
4294967293,108
4294967293,107
4294967293,106
4294967293,105
4294967293,104
4294967293,103
4294967293,102
4294967293,101
4294967293,100
4294967293,99
4294967293,98
4294967293,97
4294967293,96
4294967293,95
4294967293,94
4294967293,93
4294967293,92
4294967293,91
4294967293,90
4294967293,89
4294967293,87
4294967293,86
4294967293,85
4294967293,84
4294967293,83
4294967293,82
4294967293,81
4294967293,80
4294967293,79
4294967293,78
4294967293,77
4294967293,76
4294967293,75
4294967293,74
4294967293,73
4294967293,72
4294967293,71
4294967293,70
4294967293,69
4294967293,68
4294967293,67
4294967293,66
4294967293,65
4294967293,64
4294967293,63
4294967293,62
4294967293,61
4294967293,60
4294967293,59
4294967293,58
4294967293,57
4294967293,56
4294967293,55
4294967293,54
4294967293,53
4294967293,52
4294967293,51
4294967293,50
4294967293,49
4294967293,48
4294967293,47
4294967293,46
4294967293,45
4294967293,44
4294967293,43
4294967293,42
4294967293,41
4294967293,40
4294967293,39
4294967293,38
4294967293,37
4294967293,36
4294967293,35
4294967293,34
4294967293,33
4294967293,32
4294967293,31
4294967293,30
4294967293,29
4294967293,28
4294967293,27
4294967293,26
4294967293,25
4294967293,24
4294967293,23
4294967293,22
4294967293,21
4294967293,20
4294967293,19
4294967293,18
4294967293,17
4294967293,16
4294967293,15
4294967293,14
4294967293,13
4294967293,12
4294967293,11
4294967293,10
4294967293,9
4294967293,8
4294967293,7
4294967293,6
4294967293,5
4294967293,4
4294967293,3
4294967278,329
4294967278,95
4294967278,328
4294967278,359
4294967278,91
4294967278,324
4294967278,89
4294967278,390
4294967278,87
4294967278,438
4294967278,86
4294967278,424
4294967278,85
4294967278,84
4294967278,83
4294967278,82
4294967278,76
4294967278,75
4294967278,74
4294967278,68
4294967278,67
4294967278,66
4294967278,65
4294967278,64
4294967278,63
4294967278,62
4294967278,61
4294967278,60
4294967278,56
4294967278,88
4294967278,26
4294967278,25
4294967278,20
4294967278,12
4294967278,429
4294967278,6
4294967278,5
4294967278,0
4294967278,347
4294967278,4
4294967279,530
4294967279,76
4294967279,75
4294967279,68
4294967279,66
4294967279,65
4294967279,59
4294967279,54
4294967279,88
4294967294,1193
4294967294,1258
4294967294,444
4294967294,1351
4294967294,1405
4294967294,1252
4294967294,409
4294967294,1246
4294967294,1184
4294967294,839
4294967294,495
4294967294,1189
4294967294,1346
4294967294,494
4294967294,1228
4294967294,445
4294967294,493
4294967294,1253
4294967294,1245
4294967294,492
4294967294,491
4294967294,1345
4294967294,1241
4294967294,419
4294967294,1227
4294967294,1230
4294967294,1240
4294967294,1344
4294967294,1225
4294967294,1239
4294967294,1223
4294967294,1214
4294967294,417
4294967294,1407
4294967294,1406
4294967294,389
4294967294,1224
4294967294,1244
4294967294,1231
4294967294,166
4294967294,1222
4294967294,901
4294967294,125
4294967294,415
4294967294,1393
4294967294,1394
4294967294,1198
4294967294,915
4294967294,53
4294967294,1278
4294967294,393
4294967294,1229
4294967294,1277
4294967294,1041
4294967294,1040
4294967294,394
4294967294,1039
4294967294,1190
4294967294,1038
4294967294,834
4294967294,31
4294967294,165
4294967294,963
4294967294,843
4294967294,853
4294967294,851
4294967294,598
4294967294,842
4294967294,1160
4294967294,832
4294967294,602
4294967294,89
4294967294,168
4294967294,162
4294967294,386
4294967294,91
4294967294,88
4294967294,85
4294967294,5
4294967279,529
4294967278,369
4294967279,432
4294967279,541
4294967279,556
4294967278,423
4294967278,356
4294967279,318
4294967278,317
4294967278,348
4294967279,143
4294967278,445
4294967278,346
4294967278,344
4294967278,285
4294967279,434
4294967278,422
4294967279,415
4294967278,421
4294967278,431
4294967278,334
4294967279,374
4294967279,544
4294967278,333
4294967279,528
4294967278,301
4294967279,564
4294967278,327
4294967279,228
4294967279,417
4294967278,325
4294967279,527
4294967278,323
4294967279,525
4294967279,522
4294967279,426
4294967278,246
4294967279,216
4294967279,520
4294967278,321
4294967279,513
4294967278,300
4294967278,287
4294967278,426
4294967278,394
4294967278,258
4294967278,281
4294967278,434
4294967294,43
4294967279,37
4243767290,0
4294967279,36
4294967294,490
4294967294,489
4294967294,488
4294967294,486
4294967294,484
4294967294,1045
4294967294,1037
4294967294,1044
4294967279,35
4294967294,1036
4294967294,482
4294967294,481
4294967294,1043
4294967294,24
4294967294,1034
4294967294,396
4294967294,1163
4294967294,835
4294967294,441
4294967294,1213
4294967294,483
4294967294,485
4243767290,6
4243767290,5
4294967294,479
4294967294,104
4294967294,106
4294967278,145
4294967294,1
4294967294,1042
4294967294,46
4294967278,428
4294967294,1033
4243767290,4
4243767290,3
4243767290,2
4294967294,29
4294967294,28
4294967294,27
4294967278,32
4294967278,371
4294967294,525
4294967294,524
4294967294,523
4294967294,522
4294967294,521
4294967294,519
4294967294,520
4294967294,518
4294967294,517
4294967294,516
4294967294,515
4294967294,514
4294967294,513
4294967294,512
4294967294,383
4294967294,382
4294967294,381
4294967294,4
4294967294,978
4294967294,83
4294967294,2
4294967294,487
4294967294,1065
4294967279,32
4294967279,2
4294967294,1172
4294967279,397
4294967294,1171
4294967294,1170
4294967294,1169
4294967279,396
4294967294,17
4294967294,67
4294967294,25
4294967294,26
4294967294,1168
4294967294,1167
4294967294,1162
4294967294,1217
4294967294,1157
4294967294,0
4294967294,1156
4294967294,1216
4294967294,1275
4294967279,395
4294967294,982
4294967294,187
4294967294,186
4294967294,1332
4294967294,1331
4294967294,1330
4294967294,1329
4294967294,1328
4294967294,1327
4294967294,1326
4294967294,1325
4294967294,1324
4294967294,1323
4294967294,1322
4294967294,1321
4294967294,1320
4294967294,1319
4294967294,1318
4294967294,1317
4294967294,1316
4294967294,1315
4294967294,1314
4294967294,1313
4294967294,1312
4294967294,1311
4294967294,1310
4294967294,1309
4294967294,1308
4294967294,1307
4294967294,159
4294967294,1000
4294967294,1306
4294967279,521
4294967294,158
4294967294,1305
4294967294,1304
4294967294,999
4294967294,1303
4294967294,1302
4294967294,1301
4294967294,1300
4294967294,1299
4294967294,1298
4294967294,1297
4294967294,1296
4294967294,1295
4294967294,1294
4294967294,1293
4294967294,1292
4294967294,1291
4294967294,1290
4294967294,1289
4294967294,1288
4294967294,1287
4294967294,1286
4294967294,1285
4294967294,1284
4294967294,1283
4294967294,1282
4294967294,1281
4294967294,1280
4294967294,1022
4294967294,1019
4294967294,1018
4294967294,1017
4294967294,1016
4294967294,1015
4294967294,1014
4294967294,1013
4294967294,1012
4294967294,1011
4294967294,1010
4294967294,1008
4294967294,1007
4294967294,1006
4294967294,1005
4294967294,1004
4294967294,1003
4294967294,1002
4294967294,1001
4294967294,968
4294967294,998
4294967294,992
4294967294,989
4294967294,987
4294967278,31
4294967278,370
4294967294,863
4294967294,9
4294967278,441
4294967294,852
4294967294,854
4294967294,980
4294967294,848
4294967294,849
4294967294,976
4294967294,971
4294967294,869
4294967294,872
4294967294,1279
4294967294,1112
4294967294,1111
4294967294,1110
4294967294,1109
4294967294,1108
4294967294,1461
4294967278,259
4294967294,1460
4294967278,279
4294967294,1107
4294967294,1459
4294967294,1458
4294967279,129
4294967279,355
4294967279,128
4294967279,515
4294967279,127
4294967279,257
4294967279,126
4294967279,379
4294967294,1106
4294967294,1105
4294967279,123
4294967294,1445
4294967279,399
4294967294,1104
4294967294,1103
4294967294,1457
4294967279,517
4294967279,389
4294967279,122
4294967294,1102
4294967294,1101
4294967279,121
4294967279,251
4294967294,1100
4294967294,1099
4294967294,1098
4294967294,1097
4294967294,1096
4294967294,1095
4294967294,1094
4294967294,1093
4294967279,120
4294967279,249
4294967294,1456
4294967294,1446
4294967278,117
4294967294,927
4294967278,242
4294967279,422
4294967279,242
4294967279,385
4294967279,117
4294967279,116
4294967279,240
4294967279,384
4294967294,926
4294967278,437
4294967294,1363
4294967294,1350
4294967279,115
4294967279,512
4294967279,157
4294967279,114
4294967279,235
4294967279,233
4294967279,392
4294967294,838
4294967279,231
4294967279,144
4294967279,111
4294967294,925
4294967279,110
4294967279,229
4294967279,109
4294967279,555
4294967279,108
4294967279,226
4294967294,1362
4294967294,1361
4294967279,221
4294967278,224
4294967294,924
4294967279,219
4294967279,104
4294967279,217
4294967279,390
4294967279,103
4294967294,1274
4294967294,1270
4294967279,431
4294967279,102
